4294967278,10
4294967278,9
4294967278,8
4294967278,19
4294967278,18
4294967278,17
4294967278,16
4294967278,15
4294967278,14
4294967278,13
4294967278,12
4294967278,11
4294967279,312
4294967278,306
4294967279,311
4294967278,305
4243767290,0
4294967278,253
4294967278,252
4294967278,250
4294967278,248
4294967278,246
4294967278,244
4294967278,242
4294967278,240
4294967278,36
4294967278,35
4294967278,34
4294967278,33
4294967278,32
4294967278,31
4294967278,30
4294967278,29
4294967278,28
4294967278,27
4294967278,26
4294967278,25
4294967278,24
4294967278,23
4294967278,22
4294967278,21
4294967278,20
4294967279,24
4294967279,23
4294967279,21
4294967278,239
4294967279,310
4294967278,237
4294967278,234
4294967278,232
4294967278,230
4294967278,228
4294967278,226
4294967278,224
4294967278,222
4294967278,220
4294967278,218
4294967278,216
4294967278,214
4294967278,213
4294967279,309
4294967278,304
4294967278,211
4294967278,210
4294967278,209
12,6
12,5
4294967278,208
12,4
12,3
12,2
12,1
4294967279,308
4294967278,207
4294967278,206
4294967278,205
11,4
11,3
11,2
11,1
4294967279,307
4294967278,204
4294967294,46
4294967294,390
4294967278,203
4294967278,202
10,4
10,3
10,2
10,1
4294967279,306
4294967278,201
4294967278,303
4294967279,305
4294967279,304
4294967278,302
4294967278,301
4294967279,303
4294967279,302
4294967278,300
4294967294,187
4294967294,441
4294967278,299
4294967279,301
4294967279,300
4294967278,298
4294967279,19
4294967279,18
4294967279,17
4294967279,15
4294967279,13
4294967279,12
4294967278,192
9,6
4294967278,191
9,5
9,4
4294967278,190
9,3
9,2
9,1
4294967278,297
4294967294,38
4294967294,40
4294967294,157
4294967278,189
4294967294,36
4294967294,114
4294967294,41
4294967278,187
8,4
4294967278,186
8,3
8,2
8,1
4294967278,296
4294967294,43
4294967294,393
4294967294,45
4294967294,44
4294967294,1078
4294967294,154
4294967278,185
4294967294,1069
4294967294,80
4294967294,52
4294967294,417
4294967294,176
4294967294,163
4294967294,190
4294967294,53
4294967278,183
7,4
4294967278,182
7,3
7,2
7,1
4294967278,295
4294967294,91
4294967294,87
4294967294,85
4294967294,84
4294967278,181
4294967294,98
4294967294,1070
4294967294,448
4294967294,391
4294967294,416
4294967294,88
4294967294,97
4294967278,180
4294967294,116
4294967294,113
4294967294,112
4294967294,111
4294967294,109
4294967294,161
4294967294,184
4294967294,119
4294967294,162
4294967278,179
4294967278,178
6,4
6,3
6,2
6,1
4294967279,299
4294967278,177
4294967278,176
4294967279,298
4294967278,294
4294967278,173
4294967294,5
4294967294,18
4294967294,127
4294967294,14
4294967294,1156
4294967294,1076
4294967294,1157
4294967294,407
4294967294,426
4294967294,456
4294967294,467
4294967294,169
4294967294,160
4294967294,12
4294967294,170
4294967294,1159
4294967294,1072
4294967294,1068
4294967278,293
4294967279,297
4294967278,292
4294967278,0
4294967294,22
4294967279,296
4294967278,291
4294967278,169
4294967294,1421
4294967294,129
4294967279,295
4294967278,168
4294967278,290
4294967278,167
4294967278,166
4294967278,163
4294967278,165
5,5
5,4
4294967278,164
5,3
5,2
5,1
4294967278,289
4294967294,470
4294967294,175
4294967294,182
4294967278,288
4294967279,294
4294967278,160
4294967278,158
4,5
4294967278,157
4,4
4,2
4,1
4294967279,293
4294967279,0
4294967278,156
4294967294,37
4294967294,1420
4294967294,430
4294967294,153
4294967294,2
4294967294,0
4294967278,153
3,4
4294967278,152
3,3
3,2
3,1
4294967278,287
4294967294,9
4294967278,151
4294967279,292
2,24
2,0
2,23
2,22
2,21
2,20
2,19
2,18
2,17
2,16
2,15
2,14
2,13
2,12
2,11
2,10
2,9
2,8
2,7
2,6
2,5
4294967279,291
4294967294,107
4294967294,7
4294967294,6
4294967294,94
4294967294,93
4294967294,96
2,4
2,3
2,2
2,1
0,5
4294967279,290
4294967279,260
4294967294,8
0,7
4294967294,1
4294967294,413
4294967294,29
4294967294,158
4294967294,28
4294967294,90
4294967294,86
4294967294,429
4294967294,126
4294967294,20
4294967294,13
4294967294,425
4294967294,55
4294967294,56
4294967294,584
4294967294,1217
4294967294,1216
4294967294,152
4294967294,149
4294967294,144
4294967294,142
4294967294,139
4294967294,148
4294967294,146
4294967294,145
4294967294,140
4294967294,138
4294967294,137
4294967294,136
4294967294,135
4294967294,130
4294967294,1064
4294967294,1062
4294967294,1060
4294967294,1059
4294967294,1058
4294967294,1057
4294967294,60
4294967294,463
4294967294,462
4294967294,461
4294967294,465
4294967294,460
4294967294,459
4294967294,458
4294967294,155
4294967294,464
4294967294,1085
4294967294,1084
4294967294,1082
4294967294,1081
4294967294,1080
4294967294,1079
4294967294,1077
4294967294,1158
4294967294,1075
4294967294,1074
